102
1 2 3
2 -2
1 -1 -5
2 -5
1 7 -4
2 0
1 2 3
2 -2
1 -1 -5
2 -5
1 7 -4
2 01 2 3
2 -2
1 -1 -5
2 -5
1 7 -4
2 01 2 3
2 -2
1 -1 -5
2 -5
1 7 -4
2 01 2 3
2 -2
1 -1 -5
2 -5
1 7 -4
2 01 2 3
2 -2
1 -1 -5
2 -5
1 7 -4
2 01 2 3
2 -2
1 -1 -5
2 -5
1 7 -4
2 01 2 3
2 -2
1 -1 -5
2 -5
1 7 -4
2 01 2 3
2 -2
1 -1 -5
2 -5
1 7 -4
2 01 2 3
2 -2
1 -1 -5
2 -5
1 7 -4
2 01 2 3
2 -2
1 -1 -5
2 -5
1 7 -4
2 01 2 3
2 -2
1 -1 -5
2 -5
1 7 -4
2 01 2 3
2 -2
1 -1 -5
2 -5
1 7 -4
2 01 2 3
2 -2
1 -1 -5
2 -5
1 7 -4
2 01 2 3
2 -2
1 -1 -5
2 -5
1 7 -4
2 01 2 3
2 -2
1 -1 -5
2 -5
1 7 -4
2 01 2 3
2 -2
1 -1 -5
2 -5
1 7 -4
2 01 2 3
2 -2
1 -1 -5
2 -5
1 7 -4
2 01 2 3
2 -2
1 -1 -5
2 -5
1 7 -4
2 01 2 3
2 -2
1 -1 -5
2 -5
1 7 -4
2 0