1
999999988950805356
5000
81655023279393566
988309235945041062
477515869100577052
799198989944170036
139073600044453216
35826572116504920
156998822134338568
185325837573769928
99563201187775339
150171939493091907
274312692953801721
879514656936530247
253797915515880125
644398044311442737
854560666281160985
64229830971270040
797101058679952978
994985795877489996
892334274105593014
660462173197857270
287966529466117713
964528156098005246
565015042172678226
693380996360898145
987112723742196045
920047255088276060
184335304436223351
354723228162993203
37015144151370912
466696285053293563
922439337846378777
10392303924
749665506461373501
663853635900830628
135310338364722778
812696820537930640
744131727097276231
616004364543986246
109402629943002605
811273406873828081
282390972062394743
934154427612665355
959295632546146961
357661673383298379
916499355216169926
161043876491776686
966450140756478030
141007466963237776
694699278595639630
41162845600293159
3464101884
808076952067982572
838544622151782010
394252474824368443
935460420296746667
237755712401960878
96854091757139197
430921835909440979
641136753475944313
620991975806635160
365468175245228020
717137028913599777
304530419089712352
283338057556708886
925860659584166411
775313403399937379
637193773117904371
163600159840150977
40289625560008537
197555995941436406
749999867005456929
541203488971866992
377840749406109305
312001433098170342
190744733879044868
722858837038496496
876629934775327607
955902000594415609
925826326901645847
471603336034316500
927628281060863003
18
348924551314079420
53613633462543128
129629648539737012
20652522420022491
493540301344076428
242963653740879091
680698348155879472
400423356619472447
136817958471522163
451374613989288241
58561022974917396
295539729491365837
537959427070228213
80769664224679266
811256592453407728
148597711509432558
984468657389491578
665554921282071535
258674877249719773
39479975577129178
398374240005119445
849446974982456898
474100922281551897
545204167461231707
936716550490276327
899941117383043371
100639639473255447
77208929702552750
868837921070818868
6924536174251854
953086454212080958
29020763129246310
323226590989007809
740715637500048200
864216522029097787
659773805363968233
485266974930395263
203704818918878127
748907932621648320
856051218828756495
304118567388653951
228218096109226210
546552546801546169
894103265178666922
83027738019736278
239274843730905760
405364958185071270
546913551615651525
712690668327562564
213675083047427545
882836848765289082
661781981942553366
102331152175529772
528121483025504488
727906561954913211
915604879168599227
279704519774875671
400400738472115962
851120146649842261
572170433599669310
343411034715038503
434877408731897340
740682938321522549
424841545739393771
808599557932393289
798005319896922093
995028553767042596
935689637357368635
213340643749608983
242202537901129597
500597651434452284
599423366666345958
162219931995623077
193202527949808567
842115916142178466
226007465264130309
921597349739875916
281460328604919804
437055888602725717
882056980956694746
641025934766056851
886907268318007722
575185291569253443
228587144994516063
112583657534251381
37730707931528818
178205033908834130
37418402460762063
915323343977865916
227144992677475799
222121772359791461
690033240780683955
4
459262747924649966
868526345479527262
827591058408727869
586704707386744938
784109801933256184
484418600610310135
783314776099118322
66116621326986199
959796117195948011
325253269950709402
685657051922930940
860417514512075587
947689835793515610
177672949512257306
214934512750736535
175641728238135945
541606514037171428
82780311567557372
171755634718371303
9072469878566919
955130243549397850
240383844214598163
526203946053412406
156216569719629734
544564108232314090
22694155641437896
917268562652112365
27945311734359495
564525359189244841
211390867228987122
562483047819128927
178734201180904922
623644488934083161
939349433517000605
752076155943033311
697397125790067816
83889075949266830
458407109224935306
928382918694470074
143386485081227687
359624738540222189
8087853734022094
285395410804335855
383665502822566039
509725523308693131
83262043769135557
907284523133240104
624503501061744820
487317707066079317
890738503674272716
357121300074838075
700597970114936486
513224649146443460
32690519699781992
862726562858033076
826903588467416505
281325035746034548
58571691865595401
617986683658508682
336502641693971889
463526340792849501
228114788891258091
465686759360734322
232600783927584071
539772183827417016
717747871811357434
907200997119300299
934491726869710654
297856339796363608
268683904380816308
506053297012633604
527088413995310589
201947881262689288
411565207691248500
73676071316218708
523512483429855653
172775500596127665
112108528216998283
382901318768131704
799382193023559303
323178291253065703
446979559361625067
857836033063726482
857817203754283973
129082309172759
107375124965099792
662514807363401103
765354196437505845
938003398889385037
850793298984897375
969675632381329216
229060083847840563
985580860292793715
10763425946113636
253224326689307600
866454887237024369
687315317888917646
200285643582875265
774243697008119214
132145349079891338
793396804175806006
325732066023653823
555570037811256920
137678435327761993
814783183379172626
82214596420260576
300909693922462647
260034407096271757
627180026849665877
620560525176633224
152574410114129886
238904139728674986
129637980039718898
376069879436896292
129194609482881396
53904809084485852
528661650505873335
738970486251330474
547048733455118501
618538913059427256
603009649262991917
512685079838825923
140010482539704256
995620260812642067
228648834717551946
907813105004575244
625503071998942570
353171977135995336
992827986014466391
404597417387170492
53158333879875548
389330258847725251
801521967844533851
801855179578406385
253959114695530954
716010722377739818
62632817333454283
362634212656287939
965456293315002405
731412071054811341
64962287729273914
321647648261583880
451843154078301780
688678668947630821
660135116303638768
802219647151229267
415663686510000524
759073401621828998
444575330303530889
514862529775810606
239517185012200686
790084463871507340
907297984105469861
86440055579434093
691055874851154142
93395236041464619
953789308760576680
293413318508698860
461129466856130567
301480592209833772
218695244408117167
856997466706657600
495242662488564953
268577541488118942
786570011501613675
97808568775659547
631610417466920254
760585614907975120
815211935478347413
137691453697482893
267249819484048229
619445335149204241
768664586695909705
797476604204173635
741364235807083005
697509450344124729
416240394150556043
674789965696105165
340377871624888791
98801951904484969
584641914541758507
161660203056283414
602577741405980783
584689949051128159
668764133660843387
753608911245639976
154277460770464423
511979634713368975
304152474215168721
254717204499241034
357036112729561503
853762369172317433
839387739080946950
169182984075436584
898189864081900149
982722428391764100
824274630770161605
428926565924847594
60678956709392546
626715375737944407
72340339110364506
463497962340838608
49598697958744477
332671435197124604
992895001423027803
127548398740306712
808385946005569825
684652749216603351
627057191546556976
616433966352498626
72481100901587337
748151066412642265
528892475132148607
746709160875643187
5196151962
751833357237783054
673617531641203085
349127803433427148
111726835900227488
761597966000965629
610888036737059521
575659123378289406
134507172020568911
602074002187120848
826431248244949346
714493204634272779
747421505461798576
348936750748405026
351493571758694801
295180926508090310
193102225361255865
862351190752881401
30162936400157162
783620031542227361
106094549773120226
159337441056971083
509715819224532748
55879654790936286
502574076969873998
310097074854335669
874821253933382586
182313693083600261
470915110619144608
454659664822483336
247833723918160479
456807947957346909
466746274928458729
703241399139925065
387204406469736461
202496516286285946
255664946218341742
3464101308
215302450441103758
684299476339457089
364957238856475572
213771691115674862
347341513621734139
380485600004371848
523374300635934823
236152129107430182
904799178994623550
893029779662992239
644514448345323471
681003825401484221
516837926790017159
740465369975775119
420012588904153173
948430676096567133
655836332218386178
628963005835889679
421554941562674437
8968662069570089
194736569896744631
71985226248656062
318399706051291445
83333318556161881
773670235387094438
363110113471634239
125546351713320216
831873860901849584
852905106357976143
91712264887969640
680189304200498173
307244691076200754
421865090354922838
745222187255578450
425882201614010000
31412913526245488
926331971593357688
204420541778694279
854695879788463992
197373950357683713
878135955438276819
769260825117125590
87150308403805188
379518188967402002
319471532229072609
347797396628732406
649680031134381107
47125624749507310
113579744351374319
400204594480850659
492530002624492508
600442266031272124
870441033092455317
442404209919884665
568333380200827599
475896143173976716
966451358078953791
950266940339851561
829602334878371852
330693935471580069
624644587105676180
597384722113046249
832406817207911902
736397493752424962
471124946281293059
527832755117596774
579592099625799816
342786858881294965
272066665155246180
658591677658220425
390570633084039618
640057944569400789
662025787039135694
484598680426902680
306757624032558351
436372417131954995
639637660502895323
419342919414901888
607525608457840880
434347484933769817
927278700274727812
645182343460722597
601601463159910779
935997605407339340
993574471882668639
67926235435186862
14676673110528240
330010739235055186
990194735910054873
177310639869081149
477469689531238402
962284477622724570
900654312083041949
450453087107611902
597097125699983653
362266503338604819
112778373684025573
596446696850379586
44462777179916411
714267475817616972
293270912600311161
900037847823391132
396840038280124684
868393588634982545
627970907799630266
273662444837823952
971498787203477589
777267752620420781
892608216970904938
257950508257333728
780904201438811875
889290413570356833
641188527208613275
853622270941712133
2309400872
551785888677804335
296086046170864466
714209594969738890
554503517093353819
395433560871514930
391168649089647610
557812361526492112
770541344591454066
777963143766315284
138580093762136274
602522858497561221
557982796888837366
710325912034523204
51167449605247304
11069308451294803
100428697707037276
650385577280291704
85616862142243760
142774468135379869
780953636401381342
184072781542827243
179074242048535719
268508809999772689
785244460656058246
726573768470373227
605010569622050306
386848248543418134
5196152826
661791012578660885
797634748388583330
509965879537616131
130400551696941765
329290171367859119
409162557828570776
345838526592292987
446573856993506147
996632271470929701
761800838334065723
496409595869045663
190300517604643249
673292912820676604
498978019712920049
227356425826218238
442018192722901327
886679248354073843
306267565112553931
265625463319678256
521959561129171062
464426434212013223
609780835351248397
695756721480516534
842597055524126722
999810225314855590
899630447660178236
243501855194419927
380369753732701377
285940808525201156
324249162000002063
603877242410798003
215054082963690919
833532592282772738
333333274224647524
357559302579390333
84874230455686018
575442543433034939
378323269733606426
643991982884692782
934516549359593839
981154959933388587
52106814551745950
941961539264779571
177017382185048881
501020171537030173
308367230002153602
882700543840515019
206437520557063396
298586991761194763
271427785979998657
244311742839002325
644007986273514246
571449680924168940
486343645304255605
939523480402900785
964991411842186692
152225119123934964
995405217684980105
361665185592125963
215159129602752555
880398492431693552
708011332982518512
830113209103093632
77579210290272256
833027114996992973
410766692783791885
781184354377527581
780964101588882920
467438209977314128
275237231596606640
513014185844679870
546232005625266486
526035735084261428
57487455527910106
267373096897997033
383336687798706410
241185589936987863
529240558542460718
970703093566206961
743147522633929479
672439723800375874
347895293784256065
126847667888243176
769274979715514630
73665034218893856
266799479735493647
848683267949318380
864581488607861522
729973173508093462
102183932624983244
132773291078851805
967528924679852820
373679496800600441
449233488562583375
827826149059012783
479206101632425995
425762026958424878
579807800219403258
731170334294043449
447785645666764005
757836694272946133
669010851167601919
805548397426725076
263521447851456409
118113702203984497
40732929151372297
484989445835628513
429769908066045467
271305993882281662
551725448311273603
122374461111766164
671675951724136458
868986101474197789
251693853721710134
452617331923061005
68994278987169492
697153473439647622
33996313152535960
791485079414296122
180015327097304061
743015224806450940
648661952658494972
859999091288752950
292890114853470265
218315706281650460
635088216652416522
843614747153295899
662104218389124604
391251709673331279
706311870603409533
590823511653002337
833287482299587058
297801777709947003
786730757526354062
736345735968892155
888187681842258709
377202874191693572
269666364000682854
704549725910527929
260059530982876909
288632561283340462
681261449604063843
816685916308150888
993765787579584427
437176490389518354
404700799566588691
671099705936330839
430111924701573907
524196041274640267
568714335678375695
940015838035560371
384825195454941088
489723806809893438
890242361425567801
598220554294333103
712134762003708030
572680625777709160
568856259523480363
153044814564783816
807199021193214357
252173368433742588
142391729857522704
118500261895588064
744720724938198207
314791024300506078
140272735189461296
987040428225144811
712269942837432188
317044330094452232
572771940588668418
19420275202688866
476621931864277547
702635926121166664
349364810776625600
424930191076594700
618698893137017133
450541488203723280
606557617472959970
260330649897400527
865031442830323056
435699662777980173
287116528624111190
470510081155613142
721241630140927415
429351988012513780
565559382424472242
777331296229386213
618182874523752471
370379750681765435
387827263244903827
385556360354847395
317626816184850894
369354894446819861
705886044194542186
218283358727557817
257679049874838601
211334496895926145
264000168375543520
728369941707614782
837635956778013305
715572151940790657
809875864737680446
746511344687205355
767858802315346047
999006442023961608
228015516352234148
484319325050193643
272074612536532719
684865797430992871
355996092589764067
854178592212362367
882232427543413716
959151711694088526
826465189498519190
921168456057901313
636470441420425944
231756410945407924
492858846162104562
500537857504531640
228766924407116537
515958444511377303
100728048913863611
94257279387234506
506904514852683310
741553354998965134
447031668791342615
82570871438404561
165128053427030870
850454528023087005
228562990222336436
927831015003015440
638406559431893680
110627406307419063
606456526144598193
306193031346524491
390782054036979948
739335734875309162
870731251367563355
656853688172712834
690126202348911747
214801658591992350
430765081506868111
879077523060545870
923460549521815707
39312638131252098
813592626177345080
507433784942283016
322883084098660992
662723907343442237
71163077009675481
458962263309745419
778963424599058819
446084203866150817
483210898592913062
743713105022322485
916407330912001321
696605985360525052
160485335987775510
147987326619706403
402749178119768583
24304975591073725
934167895375694281
902487616548728636
928533638827969667
98948756447457415
689135866899218733
231535207704179879
19287895635038445
330629627400482875
295554662417887310
831328136731086708
882477110165935980
154502919762961931
129210358474666394
286404088499518366
166666664825134226
275886064575909472
604959642522968033
447745892316420229
441207928706655146
500118578073391362
913088171861816884
504640742430509300
611734001672439272
922081066383559549
992221256167354937
207088184231358783
94871936033201769
972221700394021038
490155527926493628
234732337415057984
451724096997033727
394601774309465
423375434996358876
361089676971897888
512400734175010347
31585098369955841
34023777908277114
547069650269766898
915963270543662892
213572196337189534
501411255377296915
338335203959459614
707257672736849657
680277896333268460
202554474193602000
876614360845371814
981523858129769373
822358555398362639
743558950783814566
830766692486162886
573326642380786241
575152017843914756
40540346664530445
445963211415936489
117285016192588629
757620640519906374
726686805128992943
204267552169896457
113137942147008388
563329791449896843
406776277540545330
554817778012471016
594796817839320975
246732245106177520
133047945683409264
653254902108364890
86462492806486586
29653616304286631
419296457435697835
124121712827850647
140009453159429740
646101565346985199
711434285220682019
252505507905843520
666666548449295048
441099771355540436
877245818242358674
585000467814364573
868486822938260828
50911448317970972
217949150085597072
398051511681174417
408165505470444549
974072909993610486
666405313395677513
205665973593214756
464097017624022217
401991694198132755
554710525517468049
455946565764263260
768577821846244985
340411641885121415
580594665921968794
533017502376882814
923833715357880151
11177252318216253
416367737974306548
791993418639744716
49062472643932089
623505075448460813
942440839594208705
106315687469739904
581031270032898172
809164332867604112
72567020182306964
206041582240176996
697585088399749477
307808146490576284
994947634113415132
6619185037494600
966921829228246009
885426844460465867
356209391037545084
263647773352084827
623284342633800369
99145185792630365
951530262380155790
333804105215034925
41611170998593651
754096029538525552
577350218
219808403250933247
756229828888099605
144990161110265194
211699933388769465
328518578408035526
552246565877955256
602883341432231218
192016805957564094
921667000102216593
803198405465048452
72
465051557598132796
422493664821835455
11135644423434311
216098800004348630
48529945239030031
573073379829584669
364582877804464445
315893460401986669
574074351917695137
189569046038006512
796288029163507837
515305510286928089
79744700455639262
161997149562491728
805419623810446873
303655245262037029
916147898706775274
344339019065457634
705162077749393229
470222727975352762
822022625573036940
454049527890252234
618404365094681500
746345926427008243
4067869782150252
1
222840283230740457
385022188587546507
661875943675183773
590279917376352604
39550706270573855
379169658746228734
5502103606715248
120357002370651159
694396571940805021
901912693039987371
911804102386372698
577097788925871092
43314836732121810
126416895969996032
528938611599647643
551414237540610280
615090373063532305
219555793086089985
985891547309504548
747253414637769571
977008173444929617
425335164247671120
106005005620672807
661747261034770074
562740695777918453
249999955668485643
853956761279136067
815539970102094231
749195469360449277
478804540926890492
200431611809570088
869179744426623360
10882633493377053
697519659071133399
660257332525951459
198273930346403342
150392608467652468
726418906758299927
180037198620129682
468643701613552544
183685870876810706
324753384587404118
522114603740409179
349626969679863961
19488854066632117
274765970517303669
454070104202056009
967798738370984339
337764311951308274
131404768303583567
984554533244077004
230220486674907510
304724371797632664
266068578797932963
37944610440210324
859784756032119814
543655588087127014
912422677831226232
473502421380445858
563363017552641277
914669603133093929
805391687210626415
54465189252950437
828438404556739240
362156353541071808
317666642065114768
123244724357398090
908526387065931711
300851522838594450
447530097002340146
392257149397412606
34928600325763353
279209865198613690
207576045639760984
954403682757566786
10790796834274157
323033077603245887
626858889974267238
161745679168944948
522534138367330876
80273790750577136
944051672515767207
333597172670028112
751919542869754940
380073846505580505
21807034173804562
722888929301651511
961668646639812344
517363998811787276
70265681056039231
406129449134500211
85746929638797167
738098601014910201
44691697826779530
302322538880473996
98616872872582253
970589740904636741
320020620773318813
426127239631807436
5729133784319109
757431945137959304
335682825151802825
167179760666685343
465429021134442924
868929244611089212
99857784229610315
495244522159785109
761207107367031881
705868826905164965
637089000396127596
920666072327167477
542013384057287999
807998580446124881
840915269038340978
877605173394244523
614966114477140379
624945589362744335
107045690702666710
263868401729985262
987926172775648600
244096375044928233
489288240989399843
688781856555850086
544500512218703143
447999272339206396
282210256724070634
698364409530328102
45685250764242909
837284603637559281
95284125538788799
79521338392938998
344524987652675136
117229574724076203
83408401109484525
114051373817396373
514097077693686917
342190900637735919
313840613462841999
555607752125415870
678084763601225562
161957358170945731
50004371046202384
209735089061637086
817706402330015530
658899256659340079
886446231215358717
281148503328093258
698916702136544706
507945094669567857
976346584108687609
506488179434215522
539000550021971981
254726754551819562
130350942147728451
6
972544862477914455
99838165460281947
518382818041897334
30851659523146995
196091504565604710
552396462371772657
600425748033046490
257479476633962841
745713261462956109
127846053449313508
87847000829840293
384163804220834737
711188481502340808
833431152063903806
340703578687364941
313884645436210347
233667812160187214
808991579103214117
317915491836598028
452859897921842397
102401940520645768
130235470409131311
639152176738680001
687806500404554587
760619710072222836
387651102690057890
401743020573945263
768847057737371057
636001584769016017
612044631021083340
289756070507399523
298442548531660326
648186041866993223
301408257454194114
968815062773883938
567486226039853848
975587561038874989
609814281777258366
342784923095283217
912824741645590768
362613319598367343
884913024197912839
575236892119908381
15018486445892403
463562000650074064
206345694511321161
927719666852182404
78788277051464696
652951476555132899
343514817120702426
176374723952044044
510061604421064964
688135984926205363
334695737190886362
493396948581886920
442412841778413111
682304000029985524
867319573467219562
524423739975992046
315850640303256394
283917440863715281
767623173092213155
346408114058561731
291617874573395693
966545785595562795
897241138888534132
656695068800860161
317507345264405228
839348384114828118
801737518997004811
727898230318133206
145892212959402088
682083318928911530
79360440242311265
931045761508144531
152716713791508776
594842216642995324
374216706381341448
766056911628197561
283594162294988662
568959886127574002
161861581059230814
916912904216219560
817179005068726919
238607281247384352
732067876551596002
285644130606481485
948309919091465397
437707908518404246
609173184615881299
191225519435863191
654137613133082571
987765894784059740
240245857898803428
658813701664417752
297896257173921240
214066996031345814
324998001402143660
828214767713011293
191362580694575988
412954570341610577
856479711434182247
540318781257466819
258289145496308874
894558464877960911
716281243822617991
13601480357084853
227173585728348710
664317083159576379
273877944512080363
285106217252438240
999777911379018796
735683327149295982
604886503562411003
977954054654590218
428682727506339173
272223827499983681
77795549653091457
873243211881130665
965643445781613522
906062626085536575
169007580829575609
650151752927765230
139106386893402522
753935277264120584
675365580182033847
846504788937861027
486127448650960963
458200800027575450
240852027709159629
412720038827142409
687439492904930021
230922492088057110
328554553049976538
304395902042009155
344056332419766332
970325074781401489
626862961097454077
899660170693418619
75755579536765115
786173951270995209
353663909047709946
287003947454439120
993653220795168518
324906362848713690
773908247985476073
499311313578196500
457786918758265759
286124693868293500
140676173745764490
589782209716593286
396348563609065364
319809684800318762
288937914481724061
815461549869804976
682715509394886157
419197634303613401
227541626258372559
336970250736498176
132978878561160146
261246543759710654
145524147502785170
431815053096368690
824194763524190938
294935596373859231
767845254810147282
887126884960261619
448286546983457599
222567060157647363
528245905445550717
916142387979012618
432486555547350298
435937337937678205
661466317186637251
586677321049613889
815118593147170273
431650878801058577
829103377125823024
367394047508658175
295325836455821868
426015904600478048
945488056078515917
898964584847163074
795872493757694162
697229555837261213
571565565938447662
444922978583896746
79002398508929554
853739930492112190
20784607848
493840087865718069
279663713789561944
28590937634980698
921017685134130027
324453580908386557
613780139375626030
445075310879890566
46496787661351950
7451425510433647
184905607530949682
8893967178088416
359620653680807900
861147406799775686
8
913301285086788905
53244408950914911
793524795427307669
183879586562563962
668168815227893531
171128736612333014
28622156358339995
96024766511750973
679239212280867042
797699261991597666
784347955666089820
27460986802034036
394010991638500582
294646136283035600
255763261629807628
562034090761323340
288272798819451846
336785379093225629
123985999170638540
950748714074736056
554879697344993039
763194512634622975
98904057360882285
850969541115790520
147488621412186701
599471322218908021
361464078930626699
70909572731478275
711893978016697440
727731888581275347
309678975237771903
20973740859630073
319415142792825229
856522130416517186
586110505104656084
1732050942
866850663331037815
357253006937435036
81390329015735883
351254697207099881
213551321966301502
978945633840696546
364422917242853496
187749017008193419
288675157
856195478170173906
938268491728979669
925873142688323306
416071212853246634
884670686022882140
797480131812664432
506541317715391087
962615047476012584
9234605123561351
539910438040845862
66942028747618697
958604631712975688
233563389341763657
889870608870098232
660940225011195366
540467681108286735
90421607055729734
880525025595483590
299144995613360587
299472617856579859
508713762559949329
468245692171863713
991565801694593372
276880222356929354
673850892333012483
66968913704346245
914686267480402243
2757827420924565
88197845608697500
85369258977027537
372301714247742837
2598075981
37896682453460247
116860826836706799
492074216375676945
754868237391725277
914457214999038671
77310599985136713
503726965236671173
193911923177283937
655731716135162727
242847709936498408
465054788154517604
996206941500949303
163251345692429172
267063236441047814
986886432139132220
848759906142022673
110083644548492468
112125581405701739
765554602790413528
841569047566567975
437091075164171053
317839208159893922
670814873067235769
72295247462190978
755659669341706214
545870346682277981
692155918416787186
249943590803740763
881010362574665141
13292865243445315
125648733467190721
549859352200513910
653041649587366581
426070285702282231
788147609009796696
894556817965589233
981573317761390897
99238633468429667
692625762490210623
15480680114784974
658963788770405742
313845084750212136
777597259781706322
103287496942576758
639910739713497665
488431213094060019
193387286775387749
965265658822502371
105031468830199237
421778835003359104
350305552586931296
168351446315791641
75998594817495028
378908289937500108
711359637426081532
328118014905658160
558184884625677657
367117040176948054
569408480745615693
458463968303088305
138995049267595461
745883439169560793
920269138019140619
20870930964091964
82392210909069045
981002080645404479
615213458413282962
305886625087969055
902049731067622240
787750548718468349
359958086093429125
858651512576731009
713230304427623758
652366987370212741
608751170585155891
38346188238977
840846615877542238
718376954355745909
248965424849781970
165537647602495162
909108273619505431
86580651279807464
920181438562517988
89634181108759860
894862473634489795
540633327698703098
263405974123017495
405646665478720387
209638294253717296
98100096432323809
232314530023181295
500000574792895020
233537104814586121
413338039876269950
908180290729486737
189376614796301028
620799245624773593
266744204082858571
715076686592497741
709564509404344834
397624586840990803
698278834753499491
5559496339663181
799488042259312081
230861345593310335
518486413130457627
153273239824429022
166127232286209682
151338248881406492
533150121302405058
444529638746381597
759461902922729678
965530176319944031
796909694486743812
826064974329364923
602709902467643487
559795018714820499
905782137272367628
589675795609586826
751998360422178594
931951344379242323
439020597006143696
773457448147683712
207599922645976014
478121414328147201
619379069176610753
417600921981322142
98749836438462794
673411453257341822
300752521290133478
466411756388937157
659200304432306656
693845549370731352
729297229165459812
782244965855653847
6928202616
992961006991710700
232643853567109213
896200510025214406
863252969610466151
67224210019552195
994469627346068124
714999291436301856
297441467145053897
153681759600815267
245200387655949532
812087595645732262
86133525381759345
707554428863070967
458528848390466428
155401582161827611
448841954435778834
260455766141905314
257142681750211917
953759464274854067
357582086301198432
863343537175783088
414040065239521560
786511397513325069
465135318476376121
48150233354961503
204688791280644926
29646849514926786
131598070335364180
400713477864024768
94936327180441142
151876378778829652
819138980293416323
420594562111443419
731297538628979096
789737318421395792
442174354434676859
799153656000013779
861250766037119932
666666659300536904
298349274887432190
282829450008253395
546624986216946838
37936055646175541
516161891226742896
111048717270145199
397511072242121760
947201195751446472
361894720766058648
803088719836681714
410470002324373029
872616032427839889
727026363502129751
619354810455703762
126855771595491304
144183461390773464
818763019051792912
936218622470625197
557397489161622156
248804076190658865
332876553915932905
988023147007862143
222722349178467973
331818656013246791
30535600852557800
980146099530786523
668042374606229543
602961086517919297
135344892082318150
326617925968288340
890018005611592947
735261486513191859
891263017015170570
431848341628152022
146870769744729723
422364190274212914
370259601946975405
470358866322682408
321723347641825135
964477943285304174
465090583931953502
39067972901608597
142948220288219375
238087572787353681
459614225982494527
333904974578829307
503018947954367491
88866696717017353
296625741090754810
220286422035147182
128680444953149835
217682779751374108
39448132685011882
890091454919680907
184012611033266620
43004481293104425
228024149878462479
324634191595123348
310678507545828119
882015120231379382
764048599978949403
96192993533302814
534167768669446616
949540883162565288
217179032064208378
954807226783210943
230639172054806019
109744140926569092
852717802775280922
123061948676378929
54483117547037954
553843842804836129
202093912635837071
896182890758560706
234328863851538986
254560857142566065
630971835962824764
692341859875500802
646245987708837006
636721364463790744
298853367124854183
979687235019326509
244694586544516462
838503042422061475
522065038549912244
449833421973597361
287938720157147143
118263134655265225
822145913028522714
782232941925401152
477884422538365165
833356332126425043
719147826729751852
228574859211684193
248883950217608889
191343403214571649
426758485225352923
536855094609821435
526754102988146319
54513555806380753
342424641995269791
602469976566881181
247951732105880137
710475910347687935
8073521122423587
42644683843522080
376982590769170903
183582879018577176
43407193487793198
15472653747102323
373866530536997256
269143931387421274
238036115300238435
610511453306220054
313040882968857823
140964682670356186
590246150388581489
986472806524122790
983163062774741726
624354599391043449
681247615878687349
204875986143466092
474853916544351373
128627971257590749
500447669164105476
992397234416751537
583768588926585951
447221950067852202
732970309571083915
686125579458756174
401941191434229455
88815995983889047
742351089874341532
27779256077637918
57642734153200478
418336985081865539
964445752513117067
691825944815037607
111915060752645118
975631257002948752
265898417869766167
453560206408744879
947046282907636331
100279930680888092
249584502409608214
104149063780280530
920655511457876558
167265893256808077
223971604235119190
613759527227548959
604419052415960484
384659107753582376
681358756755838262
724556112061863319
757504989857753232
899110149222923086
490339930107168131
517119237277793285
36406341264141682
646067918780599679
336308294841705481
18989134562445943
186600515550925472
624643099207993517
361601211636644677
545902661058210211
945016445319536651
901861041140098639
960281273202791686
353979915285745578
384141482603990020
732324315286937543
530678542693099078
84555408693973570
85088051805756756
183088024851003726
715283659374383129
438870009461165099
345394856792279186
91482077049438842
366846487068236825
515071035401201241
952864819706129623
886757066225404637
83333332412567113
373952293309748046
882291860123608420
152916020450583345
728342218887675180
273643318658181619
425202903262025673
549733242857081381
875606306590223203
974039873495709359
928635002334662994
663116914529657151
357952330915965940
152213675432311576
306756676244816574
122759505694480168
619177256141533396
321157163576037168
584521180728719995
753643985846737129
408359955894361437
658407410932567302
218892621940770730
579907206675276309
623159693851742150
835064332621454829
745079433698382965
481665154722824273
8917649909177525
817330881950400649
786932795377330298
812938480697926537
275150721274372571
489623789307028059
485848647022616202
180433955948738772
296689007218357808
14993404011354760
589638263750917591
276133558454544127
144268913165818154
837421559002933995
299461579539917355
123415372645372967
251339432712695917
823309211489446603
946523757741390851
705829236791928313
23541137851951029
364503511173183055
81546837472070186
32732269095887487
107535403557123536
996924936193836879
672707906945233917
119378122958678028
847216200433188879
859525269006688339
172090433364041375
144959739925139021
453938772573729284
421034168490436005
662459342276353936
116365423102512462
259415998647561864
295154957968067043
355179118079684296
799189517333921808
992502488393402962
551189764131073545
615850798635485460
886066268574917431
520247696492626846
364442668340769679
760666934132804327
279924896320514267
243331020081728517
71004121147278776
381695166066526495
84109412984132345
420983042177504183
137902881193445001
285925302226439343
699504657905856549
439311257831639012
719140926626491418
533483205830422991
631111988373969273
9
120269513040473869
9972534112190245
320468190244853365
267731047724994975
609791366770498017
745281114275663537
365064601538771734
587749458028840779
238248647288255553
106485545901284235
308709666398517364
227258364880687175
194501820727816988
381113467549657597
633698439407840444
973611057112863500
205534957070188123
366575884930689727
53973942512765588
191716052279623417
529883651232886134
802958077769353913
361157213444367387
241596991022284505
342748332995839560
552703982225523217
637930827068721019
373658769201210333
637258817143271677
179274233907772433
863894032073134881
131368696040643631
165383739357054796
963061410765432917
828571886720991119
224804440560639999
658647695317904523
500645353967649269
175094009772122450
339172705339103861
513474840371589806
351565952427798794
952730553228955933
219008976160698815
751278458502260263
440799754645053345
840352567905740673
442884872020037813
160863088821441187
428415272992626706
516638139184583056
638886851313483553
496655035014521632
266536276152877392
724148009827299276
616334218600534373
762322941176354040
700465844248717595
238302333017320077
677586427896748387
925528801516065482
725036273734673972
90937297091429857
789074918213034723
358711621884519773
415226821245921440
271209326956125398
791414522073276205
331409305302472401
433774312395919971
110266749878414708
99302828812906074
104819974007425666
802737866349763652
118332984137142393
365810900275681950
946139936204788036
466100549639887601
847699711965413817
937702405418423530
470216414476535686
935606777964513178
122339716184677877
608578261731442617
798375296508071760
310398326867240336
71387691511211038
121714368416994416
527499334249489696
455707363812171574
168852338800795805
456910328602902460
129847924000607711
262433705938117038
289004158479101297
913201630412831477
419878952677952236
485791597207991494
932616923232446880
57876471317310654
426225252147221824
519474601661720003
960750505669815214
950299827834628314
959979774025480741
286850334168756710
968612758365137124
734493822139839604
380941581587819685
364914678729174361
8167751568501260
829153131833783761
899513691805551526
870351099456806213
501384478860097389
404340921082542615
209222241447221113
892641933157647666
173139294793752522
681209759739733276
697444146322730740
48543357744448402
889669676624765715
113167414173020413
478601679717727922
845609922896697708
171351565460720352
643763323268760387
747361302563746018
55983726310924170
421186857380776663
555417311656389567
1154700628
804191271770381701
329301564555557150
942661736681925258
881960425550707414
813995275723070304
980071887066290165
381229008377175948
663841718940681052
183048270810842354
474790210760159292
269617159116801213
802969866429507609
229353634773862249
937290262759336644
761220009390684905
971052456846631405
741772147595499315
577059309791453772
939049660080983485
446102260952268370
804638665859453591
86085671822140681
892891267786818847
967606045247382723
810179976251481736
624032068227589557
806582517779574709
942371745362522700
186193349204094155
250780633666299958
712421672973900307
228647755952219178
313425335001087494
746895941270503165
370877649819977352
857324237831147176
769646207654342106
468716749157308533
298194942812299153
176157511663331953
828585605580780444
348695897489890194
754109642666746760
776837839988034618
493969354792040595
671187325564807160
757866601493258044
24
54185595468662457
867801897981602588
665227144419674181
856951775355887272
221640841360875011
294997333562709345
723138768943428652
2598076413
777776028835597759
594042962382035372
388077552274304482
195976027296992064
264717782528070797
585890578192356628
118119463418440117
544827214115174132
236555564764331711
119444944132533007
125433675244462818
135902453222983153
245121445233997211
857327818953614077
81663239980592082
128901810562824140
322729117495861692
682872333820733590
122982957674148616
646844056479646548
233602062114169914
16276538619384362
889321999336035881
907766269564756025
811699844314934619
953865838775495990
517718371408917892
285104923156337899
147991778865571375
374248779211951397
34378596522496583
157214098697266449
70469277902908175
266626246349345838
374527859650214733
382342806800139284
457081377473779190
528831937113848264
831338329703250279
792477729881075677
446214194734138042
708908409130254392
399791383024875950
714636825680510595
656160485843019116
353139699134409305
499999994475402678
868293989578295947
368970980486417299
778487367986586813
128375081963283143
18554624395013652
428343483337389976
512836695555721388
236390723660992673
583384916320354379
793644560928165554
576826290354269453
450349610069789139
713540966769884813
51572300084413429
842285740788629175
7146231347036391
936526388974465387
765174216896044308
21298399318364900
504027705665982030
35557393565490682
945845173045760771
328728246090040729
851463213387177942
653107787215040784
594635043260486817
369688105392242061
822965768973763601
722606741238050843
969792010981267980
466662393080525180
515426089500211268
845542429087767692
364700047464440500
797010282818566366
304405072575436827
845484101994995697
225647961357183789
163827201101420704
514559008501450197
650601533423160834
461284818203723486
595046202520242267
962274273980172576
719405841539299913
413386888604856540
558982970383211449
154022576160977193
771543013098926810
825930816982615110
419201608890054182
344419139943888696
598917723347462245
754090932295117889
163733071520056500
390850103170568865
59781584657010168
189970669978047765
688832283184284418
394729896095150710
730867367211052053
924479354006942345
973861803587410030
474203209400959095
687799638738503867
639219464560287275
38637626089483888
250822491867770312
798088827837026988
953190249452213007
958471734588855261
369416030232780815
142964612577581546
485362082812341195
731229471738515055
441530719988666897
839774222501853155
679798115995722778
574785105229286729
579657612964806602
411898198842605826
242995912355878761
289748096507293959
402267166461655774
797363654539865496
378496185285350649
625414276202093421
635341173437079326
421464305376224508
730404934778865266
498401062718657350
767667323384418770
952594947158182537
432528504605948146
260469004233735908
859579286808504884
656590232262458518
263853956456983964
603682812232434503
702802567169564872
608019074824874637
577350314
878673032574479528
682131619303928906
381328954156710752
484677096394217182
297219854105614524
169516268007902226
885068679733612278
878240317466520151
916853808036689535
617769657262607981
126754557379877858
62023375654331802
767240402747032785
868817921728882828
34953908983210180
445183337566797025
385233380582094191
808057645285401866
968789200909069572
859539048425458301
132710686891961842
417966281604166738
281733574724693148
518098259465164894
167527721610603089
8682005826489271
690803009761837019
800333847033015441
32202674763674815
30043845061556034
627594339932879595
643502141060006356
81140865063533765
10062811665535410
475655728895034793
984531164877946942
291745879250696230
107207408727904725
8905131879568300
926594189370341543
586919930673704130
754060362861545831
664197878018278662
900153198832816437
575780382307592202
929977378567771008
32920819970229073
999372320306804264
599714374755330413
267710584162176724
848597888503014925
91265073667800604
927964409827489140
654349612166206901
746765885958404817
541006041474251062
197962196127512509
893887976511592628
652405945060479698
432046815932877853
729596844832908770
712447587466718600
641520107189417801
745319935207442383
174467756010721964
51155191946895447
808378016376906715
602804493335439340
581798862796159586
634732525536384369
452088567803234038
314449065254582314
839990381710950780
681537807446863576
43720495330083786
704592275370895453
432811769255790866
814185611023830363
514355341605559838
372799764266601274
166666637112323762
150217378064974403
182937630034800688
647504812630559455
713460917609168117
529405487894839317
183144310732502346
392194614117785841
942654839648052387
302404116887612406
812544340404720841
102478217924913790
746201181466240597
792813388094204509
299730314661512395
251221312696600179
507830196943416209
436117279024745293
46089769528078220
172271133055384803
476270270079720139
875170066532654773
132656180971281983
453117174907102803
702848780596916754
326170557228734495
508440996331712297
591694149713354739
659166565250625615
833477895572086193
565776846766654781
879032796606127959
860596399215346576
775020156069726908
182611176592298126
856899067484326883
531798850229251912
886822132158876458
154785716462755154
694649640042586403
803864915352774199
498511422427400205
138561051656660582
256261849449332262
722570873721572367
12
560664583262221147
922269804428602985
667643480305892496
107651103462096886
469350429547933778
811495446254046901
718900249182977574
444825997637545933
304724439485376713
802265637489154221
521941211420304755
35929971618244169
424953159378288667
62854210040809147
109981595054936709
124670878081440014
528295804274467691
583741068681426059
862540423275655796
542615019058961318
3578877665638136
836499716599322716
189698423162580722
500500528443185396
893807066002796456
359289989057227312
142184390458770470
380609235047912112
839101705744152127
262010024850091245
611457107189904744
588686112909016128
997126814894396597
922349249244211492
778261732012332680
280868649974646919
442123040714994849
944595974371619281
621737558715109099
375536152258331569
371021803858162577
997593718048187040
901507990528385277
359152844856863449
724556714522873276
997340242133146880
532096615078094197
393523486118360081
60983489699523753
536413669853398713
638195053417283938
953489663953575730
419842277497593487
374303029604218460
911199935261070675
668050118478811393
158567828553241337
20784611304
923359407120229292
748160946871480391
292984152425738063
432541380199053086
676526796255023796
855950117490552002
283097906974468420
320139779727626328
394007576268862059
705913492971973713
27797909506862350
851182733272921053
10450012028195342
753572577241467805
227412315321432878
159213147499826015
927950476525568777
208986005023790994
104330536469725154
225700276651228267
586174433568381332
927842469778786066
154800869822523198
230418997776231582
955768844759027820
10553253243465038
583384294877449437
620932205101738532
291050074710854969
973251738782011349
876196121273424977
400745036810304396
102635818410468853
776921638465657532
98446536591189977
843047897690180268
129003955970041233
833008198873632394
142234670574951564
26219436607317080
553308815709696747
303568604187219526
577548516379144480
365327957292699371
15530589309000497
599107579612929398
257748618268173872
601402228246615030
592000870055256455
43504842886212005
99295055462193194
479624116680366990
397537881387883212
482804305154279237
213025752217529008
710459490070404073
250168161162944728
846806745783116662
768583328399319260
516747649692986908
631146891711609555
419656786039410958
609145690257789758
667381146162532520
355438125745554629
269353546932275451
1154700436
927549972963574689
281249658407325600
384246194462142958
412777543900894874
946092733067685459
364040598772586487
694270453376188597
30857569573067079
718695940644683512
499999911336971286
346020700424684812
857546423802446712
515178768540528152
115563726134293765
712295561492552867
340872180607299308
840472337772242
21932407800803553
232034362674122980
154901939741838499
80238691017453577
769762744664399331
369794617523568425
194538044637336115
612809635006789587
157802589448253339
179675771876438144
774136800329257462
609078902659936577
796579828299195275
809844085744193101
827142720118153428
279509066838792975
398807471096506554
860887850014540944
510842016704241603
736323459359389287
778655729494496203
406583837507743011
33628178487183111
204338366166567636
276503670601025601
627532510213423281
194176045501113812
78900472431619218
439891283730838817
618439210819200904
888903375918530706
148856004968618954
53708136057870668
507541368240506841
141490267983128457
574636557285504734
377706154379050193
288304468070747259
881480918599110969
356139663612688794
710644965487422721
261989437241576277
165934990548202428
317669754075485085
362235804063393721
89676457399989131
735001880674197362
581398409878158484
222694125931622811
895757966827222788
549032174291578850
884580657015842620
374541717595023744
277107727568787483
918610118211948785
580026730758422589
297599830421513492
39693503146798845
661553832124237210
350841900311712614
696233096999370346
309756245621024063
308125381973570380
396026986726832242
818625531168745676
580235433877903101
288675109
885710763013016944
687165114425461748
204872516708896094
324308397004947761
911412244350223843
140698977574318207
66448088746790726
320767096399036205
599069489389463374
234827361790021270
500000077613847894
497321152718001936
342522758360204762
452150096176916362
263776550383214294
356016992442771812
827780908444127570
983949702065996271
943604690472779548
415629087767167959
340636413206840021
27434813943979340
432663218678556105
903688287742196268
127200945788619726
873178849757602047
704894207456485434
322466550498468811
788198113979403623
685569908199937140
815733377650338779
651985381334694406
486082031817222087
250184368620912894
566137585005911208
448602572399996890
592742017467788723
839102313919746868
128187141200594537
317807681438596556
187398956078528789
419366811697502005
683443909099609117
714352471740951764
573120123161368860
226989274260547641
233680922908097428
626864642251693502
964298691563092339
433485161976682984
977817122780659796
134282736939085568
825619225662173236
907921249900577254
465777271740681400
781940200176280216
551164330016694255
789735804230828123
341306971286287344
848845744673234148
10392305652
322820767293899025
526856880657854092
73226774689391205
877046552666122588
419022368640620600
934896079079429993
770192025834422532
463250133343624681
368246150037421007
841470799060332832
339181087575621638
278465304588820590
121963706657228121
613585775045141434
619568863538921936
883151145778875335
315528731822104314
514282966476959691
142921658703348068
73166862502759699
388944813112921586
46365036753124867
693539269923877041
569145489867187352
887724119768182816
294646136534665547
332628037817149251
69720976350424622
999014300851743024
833001624632976207
290554634953676454
645040249962096659
946141297629352961
875444705331372230
243172380071381868
167582020782656756
396805223781664790
725904580382827353
698253101260833279
782515108195077067
17171872347978347
845342903009983647
97095554506987701
88496640194920177
596054203724295259
253769252810445310
301407764073811105
447932317689216548
645015427272931243
901839579944695229
604060099758653782
686443635564540867
808690610112256846
293019862546031760
764499535802222731
921839228279251526
678733425148187687
396909987634165815
70188933717034557
966843825948918487
83123432429851495
549360040116689621
889265159678705894
535035089538240158
264660449169836063
430136534410158002
349617512695437285
890635738179489174
76978663171202710
849366159561732136
192033789012555330
284840268136998840
743002982353441552
666675791916920890
596540771163359939
851112784764961363
707793720560275391
349249785895088390
660177794638030377
19790575332635776
281638364177970320
254315622959245470
871432387664743610
833704937111277209
940954292661940931
706503007125931435
848207282653660223
83685513878115132
504709638339508039
259504617701581933
216381995057283848
992051555698267553
4388133216848805
990787850660467081
107113881527728098
164355325984144509
850082617405697327
438555534491594139
955792130033966527
632650964789342402
56921641309662621
422442930970053425
938186104318142102
515305379750486142
978590772342158864
124903403701262322
824046209838545190
321854244346063646
87782945540999383
440994284497281758
807166691690724246
383007382999746646
915861004735960664
48585589620364241
269886086004310872
973213303300605835
776027188047729953
185340819916317650
80271439155081248
602857026255678363
361814284177125003
84616780389775575
671227851602227224
654045254212826820
217795280880453473
565731462954552991
352508567970463558
370812711785149478
28387203344526520
786325650065871799
537578682619499318
65770535984672329
721481406567592615
121526662355204056
104865410553970276
990309024919155281
247538729702696363
862134452857931325
385733744709079777
231364341683686898
354601350078059217
683644625223442931
740828322275439846
262495482413750705
201955258000085741
27995897334643722
306689210054182319
108336204347095904
38020193280175270
523097542294596618
126145294368283855
806877813751035655
79758375815893286
815898801814910399
86363675341159669
33305044629122880
795024328542145561
639724708783843881
921267432274722965
996567948331429643
983229735537591493
966265237080958447
5068958743526245
409228886330502732
768187457753186600
870416632083479535
708124163492181837
143739767013775245
302565536998881170
290984454885015888
720491856737036936
76282462975194978
727036139193324978
380186709583247152
654271414876578779
114806844603470617
585971105383862851
921892489524035145
886234119261080955
1396054570438075
401952732533484262
760894269444905840
239074042299890249
8222599219397448
115324966164930102
724697894091958793
380295472818724577
702775520523140989
526175540211507999
538837424285144965
21638579669330789
622645388855932903
333473341540462353
448769558474921961
716896154706017743
386356465524618114
876781528853732304
895820560014695932
88932487917445246
425849759646514864
635185838955164236
484673616772047228
865848789407476375
456188364406356362
991343936010957832
950233141386079799
277068284175100225
563386233867927202
220949262056060093
271400443980711260
19802197885146647
693414309442739515
64321516944239815
640446938337546211
597839647819556760
118537200251422971
75380798236198685
356206758922395783
250098937397641232
2
439669575404399856
828022485490451827
795108792418197476
950253855062465630
71688318199323884
8290017048860027
363024359722059712
163058489031678637
576771507374911458
536769004113485103
578850014275191621
839984723453930938
704278618775352103
866025327
523235375533639540
404886102556755102
857661633087378717
805579903228292951
579374468291694960
679169428154055154
943132230557787293
667449023113884390
949792945992349438
729967823249282275
561362273122379983
544529913143051796
627156532305030144
592408914118866743
805132212348846706
290214262491578396
84191496316141636
541575091627786259
828088079011425038
696766994124106088
636350677742982593
816312422691123835
468939301945995693
38639067387291287
614708167036235091
829928342545355370
757753655425541797
240740463735042390
542216358209203397
754583202592784802
839219876184916792
894653739682742455
609261371909522388
30011779638816641
657886419310775816
570138230043332363
189160455005643453
529092716079919691
882407306990464780
685800508298215814
222298392351400400
658804774849079701
889752126661101543
401397788626269807
749501083898256617
293947691256376325
743020848322617275
847876188604215686
105058277579285732
527620068774805249
696027706549369199
824829270700868433
404491074209642805
288786085189005905
878482144471404097
712349076723097759
454493751560270962
231311120073581849
288860524744332044
691491130945141509
251859856678815494
841169628755811170
867428092743337194
957881430052963886
541666427839292902
66178414964957708
586282766293711338
573160685595928976
749058608236012726
306829577438725861
887160098558523940
996345306582482226
459812930067363561
812961122915349290
378976149637291095
679468754866600590
378504275237845419
147593334174725420
826930601002447332
194497606641052441
350603931163419750
451113155413665004
674577694603084194
873247611069654866
930984993947622925
593526359458008569
801127453196441732
581735094734885213
547050028495530878
677837532752063078
822488139116017067
110014355090503100
266348075765650892
741137629109695808
579375465356173046
839656988103590422
319402455084291861
273790908142630317
36
493234432330932273
567854105133633354
907068281400242769
876449527957182784
188425165846946405
285839920402305268
864469840233233463
345981667023869060
67330997196281495
730989860478639933
334597612610589949
100341380797445947
773351017470387348
389759395453393860
278806995954182912
551498196762974089
579942931700969282
124269055187974817
904120817259885519
779466450236405338
354380282252547955
366722383827975594
618547516977812428
529071608852670108
464267886507465951
216874681023552266
549291812175616916
359497560453639267
69405719993070819
78156300793091370
263201521493889945
505194972413430988
358955758414365750
691342568688128860
584925676679951138
759677418004721315
312126992952218618
186941687050943317
436503218082294458
969667110773106167
436712512086613845
354137949028857729
30619512344749334
370065136590376147
623008633535488201
375992113199602518
570800989765814404
223618981328350335
965887829408067391
861937381644808450
11483610817030785
743059684934296918
371858640784905222
686574942984145639
765840192286923554
990940132877515065
340546813802978850
159197069626439830
506242826615150375
532297011164284402
945185155338386465
952038566529249615
813982896304222791
163028494758254849
369541594209495161
764158698381803783
232208402102748680
916565923510558646
888655846800548418
840941750003297685
885671042073655736
174537460127331881
342499890280379477
418777901548649298
681068580752371168
883602356688730140
644826433891647919
126755317525500865
448563388126612800
553256212696325042
741810832768551187
557246614786225375
246283299837221877
928380829770644764
324999033302177104
780019281131258846
966835225161323910
169748944318421955
552313051452246156
802790022878449096
422433651215818428
749999991713104017
331501635096570870
786485682354777941
395034421535679162
845814288826472458
256627143854134267
924002103632878653
727992022753721153
861008273162028272
90396164589491264
668359516266190314
728053989462982968
949568592470850225
121832099225021013
831618375923983326
136958719664368091
492460514221728462
500933958325252883
377859873896308521
62493837816557072
459892119900341330
210515600281252088
454422085089773221
257005084968786609
901229122962992820
453515271427618877
912856300370166467
986033863674283968
290439050311617977
597281408909670061
284336445672719021
172427780540352090
614675940196818487
341409064575612909
784793412521380295
715535840939454905
643321799510876502
442763410254566873
524705333697711394
23023224564839118
569750827048954822
367738164568915677
556379933294537993
376053412644573362
717070652240543780
457828790487442297
370854914430123716
200547887968238728
640767052061347908
490616486060941760
409901250385291083
140998258610362643
471058328481639647
417411306824571126
125664236858966157
374297458372358915
747799669646081145
364096349413751272
47190363493892710
50259700553460680
928111102229415595
658860823701611029
710093957173234544
437185609121109019
876020768725417869
913022808143108634
73529809154538875
156687923776761388
470830698783190302
312777399781201515
427534992674706679
465823948363130891
782244079146375701
960851405762601073
552526954951785154
169969006137830066
856286559841099335
672688408310039691
524482323718976045
570092110499085181
638358022157024147
81285723264922916
329291816360326914
701532677702607917
558333177778510655
928091355576025817
424339789039049334
669182246264835345
31877378664062683
314644633743382681
919197745603887125
65435793284373166
203029198761675006
668875528984862459
404407966471536161
42226058152952714
671430626105431476
311002603023853562
234232887452799672
426565483242861803
250603028958850409
689431461842273706
169772846499661515
98696960430185960
823731340933318769
320056839560038295
582684334593059331
151863595722213202
299011873993009444
786675936976232870
467955379725784171
918463490453198738
448165281015620409
944277357644157302
85106184488250514
379782125269227631
427513004629684132
797031837089992896
341767812238664367
78343953407589845
957945635418549105
979132977478666010
462487388984587851
83940174991247472
866482300204562666
923323854654418321
734348743677857571
73472419505822234
863512637527959627
786704240702785882
304492187132450791
194678976102934436
971748945914077567
902113628696512421
999752423649739848
894127268246035449
582596712455823125
917749725129936658
164862201923299144
566758788806852988
700856062348429418
214665767799479059
891581914329110236
975782504832886442
47429765110817360
621592824512863936
251311289307997677
491337489481267689
479568551938244431
56437203917672584
692827694102133792
37644567311119329
447851249643772006
461591359002265044
849401710829492208
894839542786034744
23066024648056088
425195986986044049
777918598568972939
975843757784090724
41915020841896003
783211167698030745
895405014093198358
890130031384617265
646541660530251058
397637028557350559
421246022502430266
186003123047377476
721732331299520744
469150496725977090
735216086158642957
907860694115521700
91929120084832107
306889454968942452
120949340934669400
522098428995970885
154979235506801413
117954450461681501
516115948620627942
380750200439665807
298254185952437270
436792268038198015
855803487125317585
65039269190476363
425086267646052309
663835117178492845
604111943258272899
784114018702031872
107810783015728123
529419125827803303
85400004733745543
364131051481889628
178566639190525158
99313443809978405
494278648418939017
731938747290448485
156655586217979231
975194785589399624
453861608257862791
862489794171190803
688291063763181023
725483097991757138
244181609771855645
684774164195153377
259452830365234103
350203697439052166
48600305004585233
656869411503574686
553855760427925511
966920233681669240
331795202925691599
785126930401669617
291411752754155435
649907313811927080
765300914163924563
44940741127051024
263989920790485939
446417973787495215
804341902599957789
415352382515966537
652104131292707106
415425863721784108
942369477176271690
622344026403463021
181149809628242785
886250863560210443
833606183649896133
974499155195849042
982202007751224346
830575300379881743
406977681331121782
944311683503772541
480324187743407213
187043096296082050
938569953227871348
628440879246473455
716984565347654397
968317344678533616
492449474262747861
795014656919185245
240034348230410796
382474039403048445
42585040187628620
570340127307009820
966573577792160861
22628058675420733
118226419128796476
47556519761672916
29811932906478878
27952333835930442
876207056303242555
490113852055718229
683943037384033697
402839307851232438
159993205672355344
262054589636974547
904845184305577570
58066421995542494
121627446639365060
672460558753413655
471845442367007727
454918601807571652
486513935181802396
122439254379584763
145514364313891144
95149738417798491
453633269554745562
552857346578804403
233781785904394363
429937175767339551
459342313108906636
547140691189583220
847524498502408163
852689056899959844
593062857656671732
128071011668673059
996703744414264325
294849137417732989
458462144514610629
185647993538290577
347186438559570569
786684088149343000
133989485477750102
151756985963631056
753442973812485508
337724576705013025
805271097780732509
173522157503342723
771599698786888586
181557011748400312
276998890205780360
552860611318722271
349968682182617692
331612735655884899
930727590703461641
296167290794935904
155160727584510517
19817149912331477
736987556306620001
893950466312489078
443103160017106596
213563239669588187
884545168591138427
789600238666198516
872534485274851408
398420053572252956
286125167335338749
146218813391271045
108133104158436207
401073827915744036
83841375166621819
637829243679946404
499470200066011765
999999822673942572
731737596320167168
712970760212549563
801382876723558678
102071498878731092
914995175398595900
535348835946866944
162069942028780428
684798093764358483
727951886660263508
957533465646764431
399334989925325009
753370664650062463
321224448336933902
254249884545025515
232378504853382347
481424057210393877
675901323154997748
493367028725002202
229706476389066790
731859031745060184
197939408058539011
436084056453202318
550059533373605873
502178743800084833
498137102030037361
155477897574764554
198298616892710569
836053285270334343
806475702186632087
450407577556914614
579267310585875102
271270950267146577
681887946480883785
956600247446817670
964958817023923837
411483332976319016
696398191626306858
820163658828756124
68667560445618986
101021577283929350
53775481063767519
828233704545988187
690199614507105018
447426740567402742
443282242132176426
607202980851436923
184390341910146470
872441548621854687
74733334761453904
591775760567897190
390730715364911306
163557419681463244
949110772775549444
575117122716889566
68024708375357831
1127499397368002
398513344585839564
581744267296416661
174980633623688910
328776041701472972
321703881468925082
434806800867680546
592058376571707348
723250875708122567
920572781305715231
645967912855959130
918906487286903165
942464472640965535
79554712302071632
777849395445513570
168744111374251291
375516541722247304
923831029282148294
547738852611204491
893767762861018695
585728681397245373
654359673156903334
963073587475422212
224718461726520942
208415682732085246
614325019042604123
377638527700581962
581518701927871071
905425617098797741
862418536531905413
890836471219087171
927766842573974718
250222762659800433
243415925970126641
380334421195636761
261905130068352853
614101702435902793
482064016388931690
832588389298232562
16655518664550724
421448998886130918
244759858201297437
872755460975068557
483973854094303908
395970004671406176
613969018134174556
253088917485942931
664022212864267066
536785255012813396
845518288972325194
703135133377378553
213782173558970390
606978770141159982
994967053948258156
168943905611912178
642755003336227075
390823465980089143
888969622044116004
294689335356965675
954056948625797424
901137446759634
364136110920992810
958114069548858219
661826591492412688
819787374274611122
40232190970567878
54927310026332232
715061324311896573
631218345010104130
909532363394050325
772922523384841138
261113009480492907
962553327097383464
516358119076569413
71627016454858891
584648210238003992
243351449522023744
172747801697993788
8490429887399276
480408575274187324
676714629582302673
984667767443134720
310742046041036959
367246952381731222
649210165433420600
727425957974103637
721259798800270620
284038913365491404
913619803391857419
108819152011438003
154314717864859475
150214912537469695
355681313488799056
264458434622050814
365968277396766391
614102292079052129
493398851549801672
319681626566996420
395110395455860590
803658162770158169
526849083469662840
829767017333780363
811393827411424193
868386322569688581
172574178013221144
436083688308312638
915579787286929088
529620890432669301
264250279803274438
701201057926981738
48573694565066772
791028149932509566
374107580289191015
248139605102427619
457479470184900134
311732683864366156
187203417676171683
978299405318988741
112021865142964212
649055863547890664
804891978779303432
491333162545614013
225227987338018285
530231051667601867
825598876649573788
167051333324262003
693682484102715117
688849549691706145
661256922666022885
190216618223447169
101474037118854643
847551667660233666
998884036739045085
581751126657103261
810651384633399291
354242879315152646
68847610911763929
326071755520667824
970194469501156450
428250748680048797
18121646777822380
529392071680319890
939682463698081949
809768200185696137
177655907357738670
556478664522727223
640403579433444707
602726999073364536
100275465685308655
887290400467156530
110272748332045622
352059830372522857
851511665329700853
115871747950808475
592388387580443986
531014341536288596
469194464813858867
514259691584951480
216787858015166459
353587565652547052
542341035147932654
434870183480816254
396996635564591559
684756775959100367
281511023727820061
901437744415641169
229351752016196053
948238891260439452
122652536300433839
419972198902310452
237148707410999563
7505026493842076
350843857707584167
616949719047688451
457827373215577005
509353951517395855
583482002412551067
588709021509177514
2726733277647467
788613926327501180
733026185892023786
768763498246182686
961867932454609753
478407748283529234
866345978073709735
978137078613588865
929396284845264821
285798438247060327
722464396223983430
448955553824219751
909312626150318411
541778998788634588
417787765084024286
557441355196661623
991798478279873190
676281697040403978
1261842194371972
796779232147433319
566970642370614181
546017677979326094
191572812846534044
739037760304408379
666756512169801967
333333385075898596
424946638793937036
967363521374845678
35319348803720983
84561837428488486
721382667378284000
666666770151797192
774094286237883922
946143465435031626
312762067852977862
823130133660623897
478953743170708597
851659390662220129
446532893518658949
810321269340160655
646999192574340648
580391971165201117
979108038604079057
866590144436054585
794706691471576183
827510272107722755
872828856809833179
426103307573342830
255059565382060469
50430820050562265
147335569067929093
729483892740979667
763491953128257918
135870002997400839
931349034902581941
463218914513174252
853774470003622508
94500836622478321
506137169601245524
354622504232451632
579640616823578533
657394420662378194
659783574287574021
899302948589405560
16960131023567576
313130822881466832
829925950829070884
23245037032990875
130419045893170717
726937397249377909
112282823284623255
58778257629996169
694478379616560725
208367800624529850
523842683197042041
226500107735315690
162208443649118951
36345075038450870
384977315054864784
608737317164220802
222351175812975894
641554221451953257
920045447324634406
643416090138562580
665641164718084097
417074825266761697
857578307077352172
690294398949875438
173447261478212598
610107137994268959
375847094784799343
40067735431168066
755297627026714729
807360882563938043
2309401256
915296739524429431
470640941260790957
48448398619960712
743182359560413192
593284173605630149
268717165110959070
696088227744462278
959309863301208956
869792418741033817
636783854258557462
820843520730014148
227637637149870211
430284807703107719
894540425194656862
190105415409143953
870358612239655147
922490642632910237
630360592570740965
576239830077956139
416325687529762248
876915499256168115
886529971060434150
985418516133800168
766312016418257685
679139478754349774
18540780927240092
112798149813044237
723904344357038683
862459303644388369
203121482180953533
376763784476726768
864384566360875164
756072740633395676
478206807687468351
455982359912278175
251517566868159688
812320982078682085
543082632400204831
385770611429135876
707475116516634142
582326438448235964
724375537873101013
251163205899062427
97940349319761062
135593516078812033
60330132730497345
758963928180430865
2640590266478669
109809210112757689
777335500258583672
512775153789381762
116604779692673965
224536618582475964
403631717022766233
880512154895464471
765658274711063387
434970454367891362
744407885643254861
247992353399008435
880817225105017092
624887181707444467
307497646293767542
251173244894858258
10311906993745297
939642389457174790
999999988950805356
170585425879432043
538540185804271267
397044072194239791
328398377993376189
538519222732024414
766106088568266226
677733424402535929
474603951493874597
948523997277097667
645882912350196311
717925344018513383
104263645838497559
37029403036217832
507712868832184458
479867928400814148
866998996580605007
710140437726801555
144460219704245343
112702637343204774
583792349663583168
780758819458269196
786141025413353667
529190944225453165
877823132990842041
768324441588298690
155318679473321284
219259289347960544
672385805012802897
368748223696290267
916032183827181867
814073136315929082
361214076016556464
878787406092776201
493820301250117729
706109943250512486
631327739787187775
616824615571261950
369867136753005246
221830800529927793
289257113653205607
993628895890257643
866169331969273448
981022797258972707
900212288576008131
577244327388833624
493819634851607723
502016272497128714
6928203768
404414613598216566
496625660389828582
592759429290214268
114550158127095469
408216816747946152
590389293085264791
779895948649952564
532529588158284773
925480993098792716
711854565284048082
782081306540635068
567614114459345637
226514809962209370
973241959408644088
520382190887212561
497014481346509276
106503884016340003
145211372498113466
10551668414206719
193529225249766278
565792490500243556
910156714334003067
897911423772420885
406979380194181920
551559224297003505
713947481295639611
923027350966212975
462744673130932103
714339277026590433
670847324047537025
991800147978229576
871239270463009450
540821995537717980
208679525961338049
893884567892373161
603223452367101060
159214891924790656
165886237228420919
519776891626361481
626423862386075351
936859328696002348
9980590401562045
550629117927138814
906034238125411367
705019403454870920
770738918164793237
741996425841601842
821184526025916326
733924419245017057
100150722278050091
512242877535807734
137910005302066531
117399162758220770
694246857957399082
43106463009122477
314333151909425214
399960570802132873
810480696895912099
290538089354365211
304520935892708545
57303274858827783
743482671708722310
118983204227057980
208989759363282001
341892412768304312
458288524918415429
819096766395938173
888149621900366137
652106377801504889
806770969936489931
300541929142353341
121681027395041806
982785460726962516
561820962313510492
971262214473166474
36747830649269868
957561580419279110
306218926183197328
441845604051586646
464190808032525021
986296825105639249
143720766137765902
479153117332893271
31290354697611400
986466022015069678
816029274820956535
399117399768197118
705011952198185174
362194197809118145
33301125883116138
226954316329097789
63306719337500444
522113350215690541
684535638980682323
183251966871030188
632961131232088173
186217239984947441
303314832340182060
606917714130770541
813617141994676498
910487857148773843
690347673077690648
23334745202501191
474155388262656072
908047339588631599
121482595213472816
163362534196481893
366069889818299270
574819265813852432
684590406887627310
801178939993330614
706904762363845836
955145787088933263
774200700045206211
486574868235375588
227593760844917120
762527685936847770
995329001055821339
809101295668199432
350618355814777622
831346974427601384
162471985236799029
482493089804684728
266676105565299212
46287447821992249
682499162188671519
989836214881381026
941191126944225794
932835400838207086
446012286550411765
808434961799616720
865801131593643947
948934640538646385
869877358262232797
736037139332796592
227140205345364344
951066974240251564
769196197794788774
669018663144311147
479226551742601077
644133896085340385
237598973793835621
564441358471345832
749527412613601176
697036227963960497
293140316272883654
453728166492102374
723636131914919066
156029999896779652
350361613938012271
420613623651018427
164809290330921919
430899935815853741
235014811100079850
365163976112148491
928800532138233589
720991898584826227
506798901985587931
263944143497483609
65793440291091425
861415964998756967
402309508620215553
273598706466444814
914120887372482060
69380196197254839
151955843700607534
59030532161836780
925836549778344272
206967837649896984
692957289243920419
69878689038471447
423526255745064868
58220731726705958
488760848282269040
25032349860326015
437355649318510621
303706780704901243
966044860911904320
17846174292273682
309326521067586343
949412522126772005
639647781886558243
85234611050970716
313051954215707714
349890836718004581
555608075283186762
477289490990377058
721716912726169699
815422397360868575
107469268087295716
171882150556028977
86783205181713713
282852632598116274
955841793108551856
496701076415656616
814267536660598195
676015266499525156
642140892284619048
533360218081531627
921453138201032535
338340054793882207
238422554265694213
128130419546597543
47817264601482483
632944744634550651
346848690390199876
687638258012096248
13203142581366239
453065164277697988
83333346268974649
804760680285510745
287966826178697760
67352378269287432
71575762573648232
462636832149258332
22930965786672972
322799137192111902
231705801375139240
202687374984876496
390609545507818777
722387803293062543
363941596490384415
50788782722296706
910129867195520460
129913097022344364
332503821519535578
310667246554583396
397183486317016369
322640112708085924
471283515517919216
587819951712874721
933865722025431846
648102376244029467
181211840179616758
759213896785041416
812590110806532863
27498319644657022
108874085790867649
714471483542907350
872942733888485049
393100079923225292
347961692856569353
620732172644596066
338991916577231834
51317110828703105
715014127990798590
849127404103189143
807730667244380553
315681617503833248
600872252430729500
568444363838519330
164531621715547459
636398678080927588
244347851746394728
668760988983884758
338803388028333959
556557154573118145
552677568821958396
969538242495918852
264199236293765044
529718619357602119
457050406330897843
572150769648379075
361716510961030398
695274272116328033
372978741986545923
144281399434058300
608170408339022556
505199332661495256
113478070092116076
168978484014811985
601614173900800203
982267585452435630
198622982611922073
519510371374269851
810008852467803653
281315315450641184
702474967548314658
614963197595316293
36722164647334037
700553456850147773
658427203312743972
625035634649463959
197398536567670741
117957006391393078
370529885128251503
272812904883737636
46177764895261197
980766582957798294
914619809458694808
858539154717767485
14196716261389208
664104657065688365
429227902485931089
950951555922744993
511093201501156634
323593455045383060
48176951383945199
75845381488188342
768212120400737192
853974001212623286
357455832291478171
76981063900496903
467950649998977348
237148687883023054
747542792501985767
550786785398382848
72658861407465904
88037738968507714
789243212576596638
396096623282068039
667092130432025869
762026766591329588
54335854925775978
97774588929531415
329537151842064322
118658571934260027
944785457303188922
961625981676544606
733284259429923553
907795527521464685
828827818530100119
648920296556487803
502695646977184592
854004295140696239
961189920620367878
774286384791047910
595336484940805867
664528057089400006
971101039753682478
813946136819454692
2605241818150320
783867747666304854
334392151791814262
849739014781912163
133573433377013481
8999976305937448
840978411866962418
518958747344451116
259590818151416899
259157047586837424
879338515541541501
781691022459297663
492053353275069837
380115468407057131
903127031710941722
841155536314805859
276915130414102657
928374097620484091
577721818681607916
902951349218842100
684432536401232982
302915251813845910
414391982310795360
547406730290345624
634139369254117049
67912350440364668
130239831544312619
451383812596607634
711090001337336519
343648772786440235
984942457768259672
14833025581913454
880565750217358692
748653789141796029
653810795189456580
607907305137745163
112664528028300065
805230013983474149
799997833530417884
309893970503192807
928575516748200106
485937256447276350
396836329180781349
256494123610684367
378425883503875698
202671228391023939
102371988995851872
124570119080810558
328255210772300400
302806815244018062
242473648702062170
37446715604708087
135821314095503496
132566518125850058
567242069324176180
659489914315775663
854690473151745231
642719690741828604
487294542463919167
668860763990176995
764687112299831447
205339641854248793
426430362160746898
38910795178041521
250744484355680614
819831195530291094
128369775183712247
310318755322113867
107392219515669642
351586013959732965
444127870621931993
550316345791181305
395823455507314072
874019784920776474
185797367429475194
818567764705574691
262230346944966870
89270976742001442
467179101892336555
119386286854668728
238034726472576286
120774276349698033
364452413405407354
171138807960087528
370955723056518035
721802585562453250
208119303115079186
889275803356300260
713022604579515193
665851296714306445
431701491490633225
921251028126721529
590592355622282287
44921456436928471
595246767607347851
78095342035528501
732977594182855092
386590297016299007
590122443873720890
715383994767759421
583933702512968880
471131889592729143
967900769538896585
591214643620667525
642176928967442747
147874374558938809
877744766311892714
20876856533451684
532192930938324928
250839517621899147
843056835754630122
271822331716000969
665404293744886469
224249851064542405
510611103370049322
952043335172612490
909219500459636354
852874372619198037
127300770559354611
27975363961052657
583463849226819176
567382772666318257
218050962199741607
537295925929322712
462166187493778816
602508088780963776
874877544003133928
378913368090114669
278869853383041827
59373942720218360
418656013610654565
256305506720708349
554954499444810762
926141152957355133
833793012496268843
416024656635175247
757177221934826186
256796741916254804
701605676115484460
934037044356561165
68671852647813417
62502472520984094
28981512633303781
829380167649238061
375802522103790247
752944976422188408
191353531144021749
284836679537196060
239286714866611587
976174718780468440
603482905004655326
252236466995489502
834770873764258271
227081720035550556
693397043146310608
711642407642921623
104657864730926308
560970656603947687
780762971281578558
174179351143001562
845634911535925655
365643093306712719
588125100666803483
355268615724028993
562008073289728069
351224489658916222
862123149766363466
505693163549943361
733441705844933033
991516971666716043
783857447080125844
28648766219970632
32843783655033330
790555111533972574
794123414675313584
430210336964116683
253353835967520303
833678456862797912
662378716581306105
353576238109668982
899003867336800215
906894405499995022
321989097930916493
462602869731932728
37308861249011629
392799162481050722
598073423093161084
519194460922784722
447445163842678203
437465839304650341
877511353201398939
999409839194317923
59107313467818695
249196406894634539
332630266568081626
432864510166580076
441821352378473992
504190092947549543
850208100091611208
663902516248100222
91867169841714788
161704095164294013
838952319215028639
403559692684685471
681272446546659588
748390828878549619
665293031607244632
756667489746515324
660879756440950395
710215788297160580
117532872321348708
23763716725749590
217343061238463488
351976863500225186
845849023432598318
54129075273443722
496549286744368138
856173762984627540
659976911909840386
998633368348091575
923342601013102112
473764369545256486
607851654509629260
630495040116992678
104871936709286046
425569768109693010
386768230104724462
380380962338169975
546389830305266002
622869648824549253
588955654082510518
399026877110193130
467406429292358887
789173323098754593
487025578184428658
812914677089728424
480178491704824962
342865159478288062
62161831967944469
962960144889809748
491184587512459714
196615824238317298
835661776796959777
804281422947225692
265400009010972259
169669129020205210
815798830199508871
493465082101518747
856504472135716444
715306856850703107
636729612745934629
244218257850068142
174641432649549877
667850937416176667
579262000445351324
864687365947231447
782675132183640093
244743145781493687
70643436785827244
867694456639216784
140589574078374348
351880236631536654
452697250211996070
408454239694146824
143046598889951969
869413715705121193
166666692537949298
775042886629098592
258950563957484768
605594026415042255
45376007539924971
320985067679586480
385491568659871275
658881275691455608
604544005104937529
843306230869779334
750000116420771841
79685170983075635
316133709371649808
639272607963295196
972189521207312369
168816847241993602
846484262608981265
587841203004259075
376671964768605889
273831828633531689
53669154771155063
703487714087731476
282396760627888858
914764773415459154
659709880474684901
63631906663706931
613220450373397633
332737003879922209
328842278864648680
636165726161867598
757962531885960085
130286338100106264
482093519811254136
165168437575416643
539958947839782734
530795965567882681
830231982669103008
155289992953026591
344074917928557631
817829438675421238
850360826516128800
219779171700805464
942801998043636565
587464488724991557
538545282586722832
748302022407553031
550175374082367410
986977349994779630
762402360592352733
290182899040758456
783761692183338422
838689394513838988
431765849098073189
526949384818530285
119249802008578741
561553752990902979
69628959905990482
940241363997404977
755498199259645025
609514757732849229
651821717308470643
270072823341398522
16758582789340538
924494705221050774
370851940662323187
749802393339186577
199959911482482855
968189843610806310
278488831721213775
451308889827891536
226280001919964171
636691213859716961
362597380668925233
765920945434208142
501376033542268608
355549673244861176
983419340626892097
15496770562180617
933858615243696914
688978237746695499
624263687280905171
104918277804607506
87724284675217193
851444074577168512
683674903819357732
366829448952869137
275963556507927088
365675432677859165
56698458441996192
180274199340306298
349237543861802518
451668033022460930
971390316515524632
383664224123273303
990267536864251780
816097557465817094
369526592903387543
894497059251222438
611383233002048409
145596301202178544
652425119195181452
916163544913319588
54285915037406802
80308560649878178
616021016814283958
188907729924120227
465931574766333636
479610011354037488
345441361388388739
867820426114650875
681492177484937595
669518360708605286
506726977900852761
319708548386448477
334236187622873561
998637769419817391
361031579962542245
754630899271790004
911685091889897853
154753821878591998
952993001881889016
334676067248596952
505412911897645266
940042479131838012
573279194314860894
759466262197749269
367319758653470751
1911208314308306
360426973114733276
608380304737649114
667849866366420221
946889245016962458
561558193226685447
38606385681604719
17077690656531588
538143644360063508
492668671839790778
777039287298107379
367029897730298539
227649619030081934
25518779827262765
5330030955696576
966260823821788231
547161106765121689
361456306300865994
888561764860622747
273319517724922330
395478291211380303
48089355780580423
550155070268841425
711854764007625491
454730956360903807
844716218569401786
698480269100304006
314226107121955462
789766733644683171
657119527892526136
460317766416922245
912284326678963917
872241947389205192
613559990921408021
243537434859582083
499873413284640613
425543360507545770
79089265990102891
871422306780521775
237329061869882366
922701444474761303
703007785827855447
34569496798997047
428448341597719927
645762592577351466
489151500179360612
829266482979235294
271834183601665498
333333329650268452
744702143283476942
556502700847374701
113765108414932941
376149707148141507
861739154663540146
970066797326308788
581762733508404984
77865355053191467
589662881449740776
4303606549318714
274068197529676867
4596970660565472
799594810677355905
565822766572938489
617922453941565948
875437966075627306
696290814108371195
318680627725429920
62505818730313831
935256624685883837
524428707279568663
435052583018567736
362423162038034168
106197007862727550
649297925538511431
737787280883268707
819042765917123814
700141697473499902
857070045430696769
826848849107277453
922201714202411407
824545868048099427
261757595345078116
829087911975393716
312193525566055157
826752685597130909
118107636244379512
297792832377164908
157220383407188756
55808526640873509
213725263341241964
776392710978841812
354410228147667550
877328617658878786
938957363000847965
695280192584637177
114899489140169
32012018321219824
807355690180923950
369724852679343915
434867100786304167
30637490972271569
302715511786473940
856629217025445495
874774331355556720
672785221369083978
715425846457288662
500883732438557751
677285730613981933
871741585175195760
724936793789246490
317014253597262296
14519280800030016
79596852650103885
484140305338258711
461832758475591774
373504255602726190
845024070275800700
575142932896525960
496808214947597589
967212742246365347
450493841376620310
650502979353736309
982414924117793531
234777751945701321
690681205913046868
453598161770809672
577846455086693808
27274256198177374
876094947256238590
420145210710068194
821112901458505267
691742043054219572
714359814479551982
967160508729706094
146234550627390812
470683354056011688
733548908452378554
345454740358048473
180921364819485511
614288594138293118
955268695751546560
424243662639702588
156169077834630580
240063904302719021
912523796151195762
8347787493103418
549451214056294320
936263126590129699
244058124919551608
711909977426019475
772718538964613795
340367409925987690
782442187639733999
554675467312016090
301838460655949179
926237470689418792
373015460958142637
215913239445950702
607287895132638483
761787085007366461
134973859139130054
698060798992352439
364538797465632992
247696700285651139
946874544381976242
726323018900447303
334838477077011770
871930879723245798
716180705158034039
828297171970935579
739740490341446483
471195091472388844
508444242731610541
84399523116111488
360242117432671945
267328107249052017
757970926488514397
576432662208561220
584735297139261110
76039587309960495
582985122261271747
850373231276019169
159149436891973520
249999997237701339
37283390383797234
764809511045938723
964445331596872943
539218233879377060
328990452073220159
641275394709253100
405651780848298872
343177498142096372
393512647126465815
188248559491535781
373563576144069497
778142299244083622
458856924144793556
537489010572915827
266233944267034265
983841936641890814
620120912994821600
400571950724857865
422325289494362067
629023132266288102
595414882812392086
746560603357919847
561377185120071494
263190757853344934
634338351994688273
918306489709228184
915159242393809520
477767774308367560
135191321593796232
456737725287575079
339998894563189610
947754557386249835
926811632801314489
251644995308226465
493001301385962689
448747508447766543
500948850559670812
562235522583400220
860029766720073701
266395264220493501
355323441229940807
899853838034083754
632608711067280252
168998243752892319
448911987500826037
360953550043169576
870524651857140514
394016117861723263
423519110312102486
581157991247688711
652430795450788208
572500963742156193
783525148636399129
850977207564924831
349872723405115869
881112263960531065
479619420830785027
479260354603008853
588000344950759125
813734482044073490
609736327157964353
248040146110378554
612013072189380666
547727299442623695
978162451908696680
296123287059211389
31938617056923599
830572295040953398
903698017845383917
559107394591674355
561087038505102344
1732050654
63516270705120697
623535497034756801
432887541642628270
406737942776526384
88752412809875612
198677329086908622
614752682672117408
520944665654886818
24625032362043766
441874271779600583
881063112382630463
433577750865082827
250000038806923947
310806204560769206
513395477716105253
118237790752648140
338240730882436118
474039727581569055
276004110600312430
813724689703665359
680238957642433264
997198548988328859
237916367277958495
865739187936900923
671413386828727210
736001131504603711
659211925662548283
530590665309256608
688985292785624774
849882211826316718
748642754633949858
37009505683249941
200921397531017920
859209112218709141
985366435452152720
86293720388496748
933643908354133491
12861916370296831
54072789961887122
27105282609351676
776953734020822442
846145137938758645
939354467963072890
6295413212334641
249928944262054917
989113847952957221
400364993763853109
741062786813504227
824321845005488177
153543515578223951
770323679531055410
399719672301318368
186926584455825090
280018768113073249
989744315016296236
61358543146629573
361491839277992161
745180944959322212
615361685262001088
43901035224945945
349102318084661742
781904935351983411
352634226114053844
996499131767003665
329098649074194923
662969922016153326
328425915989746427
624827525703087927
58718863898715995
118292123150854338
266306069396526721
56980586855230528
318626108429514783
112505616758347138
341381920386038921
952755886471543230
211901998107236918
3
45217927641969448
728052706827409634
915905191963024677
207877890406564809
957182722243023227
240380339864408411
181441498202270407
742242739273465677
967503896125597774
385699778652612630
155081369147674167
918316027899222431
249190322775441401
659565733206008045
289324599040453529
659086431869431514
614088774846965965
747151140765473525
996790653600278807
642023632533397042
396943411010031721
947448116138927547
55844008515032847
355264684330806287
652986345135577768
608109269588920975
703007244374688273
581388509260014479
58645479524444531
533444531940847850
446692632927613969
521334679195893212
149363687650105035
49373952718806328
562154706708538906
71907334187568084
759527797516380790
581501752867182630
396737602719064628
325751255332785049
364192908835746893
915380208336296931
202230959602937810
986764301658362265
600131846467268847
298043862154683556
337585202975842199
184850135497583153
421467967073473661
859996355258373922
965836218488508286
664854117785483523
167555203186207260
427101572808056065
844227469294532936
470890213425301453
98290239460567923
36072583935920488
327966569250069460
500282035245890051
544041125112193007
996770857633536568
907297206672963771
589008608283696634
214144848583892513
109476167101862362
765907493280618048
548034548055705907
262645715276690971
223546807410954259
135106291229292334
463862090791797795
723021617313996034
591611080569440917
907577444571389984
263228982600223527
145062807331445
832668146230837544
142946411912108995
835795849857980363
134004620285975192
477986965446463529
334863670341685757
376115281223908997
125739395460883245
115117458497727411
506184695235132288
189473884336102792
410318667532406205
995371277058555910
456484557203748339
411841237729795516
9047062467877104
974917277542362928
619319696083201425
795321511662638563
381679910249665597
274704756446439555
112213991831370577
890950558065627319
362355935361315377
797844909431811070
110893549810255398
595436523230129243
372119106569491879
486933584939098657
952069413747869200
862125794012941649
522123354881343621
416651322268169919
114300583060721878
640859184232781922
37591484704010088
906891825119679665
959402363331029252
21707773833916947
41105910540107987
177672823426228853
851569066483923058
695032531582367647
148630281656857392
213314145787424343
551155130830916631
672567451661360542
781675182074300126
991373316753904372
469487398686099997
199097853381310578
751325433319545178
94933601053325376
283897607797157388
732671127670798177
67997337792216550
408106827103997730
566802432534250647
153869174879098666
479700837481631336
329242529273176712
866025471
89233224474541738
421742991725462495
813524766332435916
86042462005214243
807082568772503023
730682869336443194
616809889991431126
256091540123611838
295652287573385245
614968953129151041
811247807970690857
910776599184358313
53976448173654645
721497907712513100
101408271852826432
538355060401747404
